750
0 2
127
8 20
28
109
125
15 27
51 162
22
217
83
154
88 108
179
91 169
219
94 289
78
286
114 204
118 262
183 339
242 344
113
196
241
197
249 372
550
314
263 470
260
472
294
557
546
341 521
392 543
723
408 471
645
588
409 469
511 619
553 661
567
488
497
416
725
638
779
745
771
581 837
615 795
732
728
836
721 814
744 796
797 995
50
847 861
13
761
802
962
969
19
894 26
187
10 44
31 105
67 153
101 155
38
211
87
150 413
247
145
195 200
149
890
275
254
181
287
201
216
468
300
329
243 256
277
301
320
386 481
367
401 415
508
402 461
404
438 620
559
447 475
458 513
522 665
561
524 670
617 735
555
381
623
576
686 740
606
706
739
867
799
877
387
714 856
775
889
924
751 840
480
654
813 982
817 991
954
939
846 52
746
913
873 993
23
885 960
964
5
929 133
49 138
72 304
81
90
950
994
99 137
4
11
942
166
296
89
92
34
148
103
139
130 307
231 236
281
228
348
302
364
313
450
270 394
318 327
368 444
376 452
383 422
410 544
424 454
411
360
467
451
423
539
370
455 482
494 674
457
504
433
479
349
537 800
701 726
703 765
716 770
808 858
832 881
509
648
429
912 80
485
541
551
644
755
616
932 956
977 32
777
704
803
679
729
988 30
792
855
830
629
887
12 115
899
756
677
40 144
757
93 129
9
134 297
768
864
48
147 182
923
972
880
156 345
963
35
70
265
98
106
202
157 414
21
188 321
292
463
259 285
305
330 407
462
371 572
167
208
388 518
456
389
507
499
532
443 612
712
594
613
688
500
530
627
614
490 571
736
896
936
860
525 662
562 583
549
641
992
3
900
905
951
625 705
986
251
643 825
926
653 675
189
697 801
907
347
760 794
352
361
25
111
41
272
159
391
393
833 937
120
502
835 841
435
584
436
853 915
245
663
516
862 984
533
872 151
891 903
707
947 953
554
6 199
743
18 146
671
831
708
124 273
570
165 244
610
845
650
812
173 350
227 336
252 405
820
290 459
888
718
60
878
844
178
970
870
355 437
203
365 566
921
987
373 609
39
944
382 534
229
225
426 622
434 528
255
474 695
547 624
267
998
142
328
73
573 866
664 805
311
261
232
400
233
358
681 952
299
278
279
689 973
483
284
362
737 47
526
597
763 857
396
879 920
369
943 126
36 61
65 96
442
76 172
95 226
596
102 171
406
421
123 238
430
754
460
160 198
163 168
234 338
250 478
266 375
605
815
288 495
604
852
353 585
786
865
669
687
719
29
821
863
886
906
935
465 517
7
922
492 579
177
978
213
62
140
63
501 595
274
309
193
503 582
283
563 657
439
24
100
590 651
222
514
684 810
440
446
319
656
473
711 715
212
753 818
560
758 769
774 834
838 957
682
536
724
591
240
565
593
876 930
787
949 965
958 967
640
996 46
839
55 59
727
693
849
851
71 116
875
776
804
827
45
811
850
908
128 271
136
121
174
143 280
975
925
218 223
931
933
331 385
239
997
1
298
209
75
359 366
77
390 545
428 529
464 628
184
577 710
342
186
580 789
599 601
709 871
315
332
303
759 934
816 882
486
312
911 37
412
425
377
346
378
356
918 919
927 119
990 66
489
57 161
540
611
58 206
82 131
491
85 158
667
658
652
380
453
702
692
519
214 215
785
224 248
246 337
520
574
807
257 432
791
819
778
680
742
713
822
269 335
823
672
733
343 487
826
384 631
895
690
790
842
484 510
74
112
132
809
498 637
874
917
176
164
869
893
170
535 607
205
983
107
258
110
293
608 632
326
630 660
334
316
230
235
397
633 636
325
441
666 676
668 806
354
323
340
351
357
374
379
698 720
515
678
621
730
741
431
556
531
538
647
575
717 773
731 824
829
592
655
738
747
955
764
767
772
781 961
14
793 828
938
868 910
33
843
897 175
914
848
854
966
976
220
16
135
17
42
276
43
928 68
141
192
194
981 191
210
477
268
420
282
308
64 69
626
317
86 237
639
333
602
505
448
493
506
117 185
569
642
646
766
784
649
734
691
694
722
859
971
264 399
989
748
780
948
959
56
291 466
122
295 542
310 552
395 417
419 476
527 548
586 589
618 634
635 659
673 752
683 782
685 788
700 883
762 941
884 904
898 53
901 909
940 946
968 974
979 54
79 84
97 104
152 180
190 398
207 221
253 306
322 324
363 403
418 427
445 449
496 598
512 603
523 558
564 750
568 578
587 600
696 980
699 749
783 798
892 902
916 945
985 999
