750
0 2
1
4
7
17
3
16
5
21
6 8
19
11
13
14
10 12
24
15 18
38
33
9
22
23
28
25
20 26
34
39
29
41
27 46
30 32
60
31 44
63
36 49
70
35
50
75
37 51
43
48
40 55
47 52
77
53 57
81
45
83
90
87
56
98
100
74
78
54 64
106
42
62
73
89
92
111
112
58 59
113
107
103
109
125
61 72
65 82
139
110
120
66 67
127
68 76
145
140
136
121
148
122
141
159
69 71
166
79 88
154
80 95
176
132
135
142
178
184
187
84 94
85 86
149
167
164
91 105
174
93 97
96 99
101 116
177
102 118
170
104 123
108 129
181
194
179
114 124
189
192
186
193
115 126
208
203
117 119
128 134
130 138
131 147
212
133 143
213
197
202
137 150
201
219
210
225
144 155
196
228
209
205
146 153
216
151 160
220
152 165
230
233
211
156 169
157 173
240
217
229
232
247
255
245
241
254
158 162
258
260
251
222
161 172
163 182
239
272
275
235
261
277
168 185
171 188
175 198
265
267
282
180 204
286
274
183 200
190 195
279
191 207
199 206
276
294
214 218
268
292
281
215 231
221 224
287
223 226
283
284
227 242
234 243
236 244
305
278
296
300
302
312
237 238
309
246 257
303
313
248 252
293
298
320
301
314
299
308
311
316
315
332
249 250
329
319
333
253 262
342
317
256 263
259 271
264 270
266 269
273 290
280 291
346
285 289
325
352
288 307
328
295 327
334
356
354
297 304
358
323
347
364
362
360
361
357
351
348
326
340
349
374
377
367
369
370
378
306 335
310 324
393
381
397
391
318 336
321 331
387
389
322 339
379
404
421
330 343
416
396
411
412
425
433
423
406
440
337 338
436
441
435
341 345
420
442
439
380
400
457
344 371
456
350 359
430
429
462
450
463
468
451
467
353 363
355 373
365 368
366 388
372 386
453
431
375 392
446
376 395
382 383
479
477
485
472
473
384 399
385 401
390 409
493
394 414
398 413
488
483
497
448
460
502
499
507
489
514
480
506
486
508
402 407
403 405
408 422
500
520
516
410 415
504
491
505
536
539
417 437
418 427
533
509
515
419 434
526
519
541
551
530
424 432
532
546
557
531
559
554
560
426 428
538
570
550
556
438 452
555
540
549
574
575
584
565
561
567
596
443 447
588
576
594
444 459
569
597
606
604
445 454
610
614
592
611
616
449 471
591
605
638
455 464
626
629
593
458 465
613
461 470
466 474
469 482
475 478
644
627
602
621
623
646
645
652
476 487
641
650
481 490
484 498
639
647
640
642
492 513
494 495
496 503
654
648
649
655
671
656
678
658
667
682
501 510
677
511 524
512 525
517 527
679
693
663
688
669
687
692
702
712
706
672
708
680
690
691
694
722
518 542
707
704
719
718
521 522
725
724
723
728
732
713
742
523 528
529 543
534 558
738
535 537
730
736
733
544 545
747
729
746
743
741
755
727
547 552
548 553
562 577
563 572
754
564 581
566 568
571 578
739
734
745
757
771
573 582
579 587
764
580 589
583 586
585 590
777
768
761
775
748
756
766
784
767
595 598
599 601
772
779
790
600 618
603 620
607 608
786
609 615
612 617
802
619 628
799
804
776
778
622 624
791
625 630
811
780
820
631 632
812
787
792
803
819
785
633 657
809
634 637
635 659
829
827
807
821
830
842
815
836
826
822
843
851
845
848
823
844
839
852
636 651
860
849
859
867
863
855
831
874
875
850
877
643 665
880
653 668
869
864
865
854
870
660 675
899
890
661 676
905
878
886
662 683
887
664 684
896
889
666 673
888
670 698
921
895
674 695
681 685
913
686 696
906
924
914
923
689 699
893
697 705
700 716
917
701 714
931
900
703 709
939
908
907
710 715
922
711 726
936
948
925
935
938
926
717 735
944
942
962
951
933
720 752
959
721 731
972
954
737 740
969
744 750
955
950
749 759
971
978
963
751 753
964
758 762
986
970
992
998
997
760 765
763 773
976
966
983
975
994
769 789
770 795
987
774 781
782 788
783 797
793 801
794 808
796 813
798 810
989
800 805
806 833
814 816
817 832
818 834
824 837
825 835
828 840
838 857
841 846
847 866
853 862
856 861
858 879
868 881
871 873
872 876
882 884
883 891
885 894
892 903
897 898
901 912
902 918
904 927
909 930
910 929
911 915
916 928
919 920
932 949
934 937
940 956
941 960
943 953
945 946
947 952
957 968
958 973
961 965
967 981
974 977
979 982
980 991
984 995
985 988
990 993
996 999
