750
0 2
62
576
3
387
17
4
167
799
265
70
53 940
5
652
645
35
358
233
25
602
28
1
81
450
228
87
211
38
54 185
275
34
314
90
79 84
24
125
951
570
241
329
347
98
140
11
298
19
391
908
712
431
13
606
230
497
536
309
644
9
22
775
441
29
39
135
16
73
743
364
179
194
467
815
254
181
546
149
532
499
723
627
203
21
860
83
97 659
613
727
463
457
267
692
103
286
78
442
50
479
296
166
504
728
202
468
216
560
771
104 82
111
423
756
899
239
41
433
605
964
48
688
92
260
145
768
7
614
176
152 979
164
113
287
112
14
43
106
746
170
268
435
677
196
436
584
412
56
189
724
201
121
136
23
567
596
251
109
820
864
997
367
302
472
261
180 884
460
654
197
60
75
616
755
184
178
279
704
174
120
638
325
272
301
488
736
316
889
923
323
193
994
141
122
187
550
139
802
575
970
100
74
154
483
159
370
404
45
190 974
669
865
209
777
148
245
210
406
446
89
300
393
225
836
277
361
778
332
416
888
702
348
439
63
505
278
219
741
611
235
519
127
217
229
212
107
207 175
507
430
333
208
852
480
222
514
869
213
77
205
374
349
281
221 253
313
531
559
477
33
597
284
42
276
132
311
283
732
565
192
292
648
509
557
707
462
303
282
456
240
299
186
294
378
306 432
713
604
663
870
687
326
320
913
389
232
247
255
855
322 542
328
671
776
315
502
623
397
950
317
352
761
998
110
293
400
274
377
346
451
745
220
319
258
351
324 699
516
363 945
690
369
360
473
411
398 269
381
848
785
403 901
312
803
485
921
809
380
530
421
305
356
334
506
429
418 788
427 683
340
500
647
561
354
539
508
574
807
440
719
962
445 552
679
819
658
177
520
867
767
489
549
540
555
396
448
533
742
551
493
826
708
886
449 215
496 224
512 484
453
754
926
523 568
515
569
526
939
558 598
142
362
342
564 676
640
538
578 214
875
486
682
594
830
626
629
812
729
922
880
587 668
678
747
588
610
646
680
642
863
591
556
600 161
963
779
603 64
730
308
641
992
650
924
554
694
491
893
718
725
907
739
696 487
850
784
766
831
649
655
425
749 916
804
827
722
978
592
842
790
706
896
936
750 636
593
969
667
691
787
357
792
859
379
821
783 589
931
905
738
798 635
892 257
693
621
656
849
639
986
902 55
786
672
733
772
874
757
791
839
823
844
420
811
843
822
975
980 85
906
748
541
942
890
985 630
925
935
845
851
999 399
68 128
917
976
69 246
887
987
878
829
972
900
86 417
117 295
954
191 37
895
944
237 310
734
264 527
877
291 119
983
966
395 548
419 586
466 66
764
955
780
476 634
618 720
959
914
673 897
685 535
989
933
700 752
762 782
883 498
898 510
904 158
909 941
946 46
968 608
57 335
58 579
971
131 928
206 337
248 773
343 495
384 563
607 385
631 769
632 637
633 577
660 910
938
666 793
698 806
717 123
731 116
781 684
824 102
828 165
868 545
961 657
981 350
59 390
71 529
143 759
218 715
223 280
271 753
331 428
359 628
366 876
464 816
580 353
599 882
601 930
709 918
710 198
789 834
871 151
948
911 61
919 227
927 492
934 437
990 147
36 774
47 12
65 126
76 478
95 609
96 163
160 758
168 573
171 288
172 338
226 182
234 407
238 737
250 590
266 474
375 585
465 681
501 833
503 517
582 651
595 259
711 30
810 129
818 124
838 40
949 624
957 612
958 566
965 996
967 199
6 72
18 388
146 794
173 252
244 336
273 697
290 518
355 825
365 622
373 947
382 32
405 304
426 937
434 297
459 675
528 664
534 984
547 188
689 115
695 808
763 866
805 571
857 200
879 583
920 956
943 93
952 155
973 327
80 653
134 414
144 376
156 801
157 422
285 525
321 67
330 841
345 572
371 903
443 52
490 670
562 912
625 835
643 318
662 49
705 482
760 915
853 881
862 620
872 394
891 27
953 256
99 243
130 674
133 455
137 410
138 716
231 800
236 452
270 153
307 735
368 703
383 726
424 118
444 858
454 458
494 169
537 873
544 832
701 993
765 26
770 386
932 988
977 108
10 840
31 401
44 344
101 105
150 438
195 162
402 481
413 409
415 751
447 242
461 524
475 513
522 817
617 51
665 521
686 740
714 847
813 204
846 262
856 661
885 94
929 581
960 744
982 721
991 469
8 372
15 249
20 289
88 183
91 861
114 339
263 511
341 392
408 553
470 615
471 543
619 795
854
796 797
814 837
894 995
