750
0 2
1
4
7
17
3
16
53 54
5
21
9
22
11
13
14
19
23
28
79 97
35
84 190
24
25
29
39
34
41
104 152
42
33
38
48
43
180 253
207 398
56
45
50
75
60
62
87
63
70
98
100
74
78
73
221 403
81
90
83
111
92
89
109
77
306 322
113
107
103
324 427
106
363 564
110
139
112
132
120
127
125
149
121
136
140
145
154
122
141
159
418 578
148
174
445 512
166
179
449 603
164
176
496 568
523 750
184
178
142
558 587
135
167
170
598 600
197
193
189
192
177
181
194
209
696 980
202
201
699 999
205
749 945
216
203
208
186
187
217
196
228
211
783 69
210
219
222
213
212
225
229
232
247
220
230
233
239
235
240
241
245
255
265
260
251
261
277
254
275
272
798 64
267
282
258
892 185
279
902 191
286
274
268
292
281
283
284
276
916 264
300
296
278
299
294
985 68
301
287
312
302
86 291
117 295
311
316
309
175 237
317
293
310 395
315
399 419
417 466
308
476 618
305
323
313
303
298
320
326
314
342
319
329
347
527 552
325
352
328
542 548
586 589
334
356
354
332
361
357
351
348
634 683
340
349
374
377
346
378
370
635 685
659 883
673 752
700 782
762 941
358
364
362
360
369
333
367
379
389
387
393
381
397
391
788 898
420
884 974
404
421
901 940
411
396
416
904 968
380
400
406
423
433
425
412
436
441
435
450
429
430
909 85
946 58
979 131
37 206
57 82
439
442
66 224
457
463
431
440
446
119 269
467
451
468
158 161
214 432
215 343
246 337
248 335
460
257 498
456
483
384 510
473
472
485
477
479
489
448
484 487
453
462
535 607
608 668
630 637
499
502
480
506
486
488
493
631 632
633 731
508
491
504
497
505
500
520
516
636 717
509
660 666
507
531
514
515
676 720
519
541
526
530
550
698 793
533
546
532
555
539
536
773 781
806 824
540
549
538
828 59
868 961
559
554
560
551
570
557
561
565
584
575
574
556
591
567
596
604
606
597
569
897 928
588
576
594
910 128
605
981 46
623
610
614
592
611
55 218
71 116
629
626
593
143 223
613
602
627
644
271 385
638
645
640
647
616
642
621
656
639
280 331
646
654
359 366
648
649
655
671
390 628
428 529
464 759
658
652
545 599
680
650
641
677
663
577 789
679
580 816
601 882
682
667
691
669
687
692
702
672
708
678
693
688
709 918
710 927
690
871 911
723
706
712
919 61
694
722
729
725
718
719
704
934 990
728
732
707
738
713
742
36 76
47 96
730
736
733
724
727
755
741
743
746
65 102
95 126
734
123 160
739
163 238
168 226
171 172
198 338
234 478
754
250 288
745
757
771
266 465
775
748
747
756
353 563
375 495
766
761
768
777
492 585
784
764
501 579
503 582
772
779
517 657
785
590 715
767
799
776
778
780
786
595 758
651 834
791
684 769
790
711 810
809
787
792
803
819
802
821
807
827
804
829
753 930
812
830
774 838
842
811
843
822
815
836
826
820
823
844
839
852
831
845
848
849
818 18
851
859
867
863
855
860
876 957
864
865
949 965
958 967
880
878
850
877
996 227
6 199
124 173
146 151
888
875
874
890
899
889
896
887
869
165 355
895
244 336
907
908
252 290
273 405
886
913
350 365
921
373 382
922
854
870
426 437
434 566
459 534
924
906
474 681
900
893
528 689
923
547 609
931
905
573 622
624 805
664 695
936
939
737 857
914
763 879
926
917
925
935
938
933
942
944
962
951
866 973
920 952
963
943 32
950
12 129
30 40
969
80 115
964
972
954
93 134
144 188
948
986
970
147 182
959
955
994
975
156 259
978
971
157 321
987
966
983
285 414
998
997
976
989
992
297 330
345 407
371 443
388 525
490 518
562 571
572 583
612 653
625 825
643 794
662 675
697 705
760 835
801 872
833 937
841 853
862 903
891 947
915 133
953 99
984 130
49 72
52 327
137 231
138 270
236 383
304 376
307 368
318 394
410 444
422 452
424 544
454 494
455 482
537 674
701 726
703 800
716 770
765 808
832 956
858 881
912 977
932 67
988 31
10 153
26 44
101 105
150 256
155 401
195 386
200 447
243 402
413 513
415 461
438 481
458 620
475 665
522 524
617 735
670 740
686 846
714 885
751 840
813 817
856 929
873 991
960 982
993 8
15 27
20 162
51 183
88 169
91 263
94 204
108 262
114 339
118 344
242 469
249 470
289 511
341 372
392 553
408 409
471 521
543 619
581 661
615 721
744 795
796 814
797 837
847 861
894 995
