750
0 2
145
260
83
8 162
15 27
125
550
217
22
761
20 372
127
51 183
723
88 471
472
725
91 344
94 153
638
28
108 204
114 262
118 661
19
197
169 581
181
546
149
645
588
242 469
249 721
78
286
728
732
263 615
289 617
339 413
341 409
320
392 670
416
408 619
87
470 150
275
109
480
745
154
962
802
511 155
38
521 837
543 101
606
13
567
553 458
367
744 873
795 982
796 481
867
797 401
969
814 840
889
924
196
247
847 52
861 475
497
894 200
314
4
995 67
10 929
576
201
219
216
468
26 740
113
287
211
31 846
939
5
44 105
195 735
179
294
103
836
277
243 817
256 438
329
241
386 49
402 327
313
557
799
508
415 461
447 99
513 765
522 231
281
228
942
381
524 482
913
746
620 137
665 304
686 394
50
714 912
11
751 800
90
813 422
856 452
387
885 138
960 182
23
779
991 455
706
404
370
950
993 129
72 544
130 80
877
771
623
133 454
236 410
270 716
307 383
254
318 376
368 407
424 297
509
561
555
444 881
494 858
757
964
187
301
488
994
364
81
450
148
411
34
433
890
899
756
423
539
537 32
300
89
674 490
559
302
166
296
479
701 12
504
457
803
451
703 977
348
551
726 662
648
292
485
770 345
654
808 330
832 956
98
739
349
777
932 947
923
139
988 653
792
360
775
92
688
48
467
30 134
40 984
644
93 697
887
629
729
679
9
115 903
208
167
963
144 833
677
147 841
156 259
157 151
855
25
429
830
594
712
188 612
285 801
627
321 414
202
371 562
388 273
926
616
755
443 583
391
507
518 609
272
525 643
860
21
641
992
70
265
516
972
954
35
462
707
768
499
532
743
571 6
572 835
106
541
880
625 675
705 937
951
570
704
456
900
463
905
736
500
760 825
794 290
864
820
502
120
530
853 382
245
663
907
347
862 857
936
896
872 664
251
986
614
891 244
549
831
389
915 252
435
584
436
953 973
369
613
305
18 76
393
225
812
533
124 737
189
146 373
165 920
610
159
671
328
142
888
173 573
483
921
199 365
3
650
227 288
336 405
111
554
987
350 65
845
355 492
815
426 622
178
279
434 566
437 459
870
970
878
852
474 763
352
528 171
596
534 198
547 695
944
311
624 805
41
605
361
396
681 866
358
233
718
60
786
689 876
39
29
879 769
943 160
952 61
36 375
47 96
95 758
906
708
886
203
597
844
102 238
421
229
123 503
126 465
62
400
163 563
261
283
284
669
865
922
278
299
998
821
640
719
440
362
839
168 715
172 338
226 478
234 353
250 59
73
309
536
406
446
7
266 949
495 128
267
255
526
604
501 577
863
232
593
514
222
213
442
439
460
754
298
517 579
582 709
935
240
565
184
24
585 753
430
925
140
590 46
595 789
651 759
657 529
684 545
711 116
774 965
193
724
591
850
908
810 834
63
804
827
978
319
656
473
787
177
560
818 930
838 918
682
274
931
574
957 967
520
312
136
121
174
212
851
958 218
687
849
100
996 919
55 428
71 628
875
143 214
77
713
742
680
209
223 215
271 224
280 484
331 161
342
425
377
346
776
303
611
540
791
819
1
997
239
75
359 911
453
702
332
778
486
690
790
842
727
693
917
874
811
45
519
235
397
366 390
110
489
293
385 57
933
356
334
464 119
132
652
580 487
733
378
599 432
601 710
491
893
170
816 131
871 806
882 64
730
672
658
667
326
927 158
785
934 66
895
575
826
323
914
990 897
822
975
37 85
412
58 384
164
176
515
230
531
848
741
869
16
829
325
82 636
374
205
807
74
112
767
823
206 246
692
772
248 498
257 337
269 773
592
14
431
556
351
809
380
335 237
354
983
966
315
506
343 793
938
694
107
258
210
477
33
510 910
535 633
538
647
639
607 676
441
649
655
608 632
379
854
722
859
340
630 928
738
631 635
493
766
646
141
122
43
637 68
660 668
678
747
621
316
17
666 291
734
698 527
955
764
717 466
843
720 824
220
976
333
602
505
731 673
42
276
186
781 901
194
828 191
357
317
691
868 104
784
961 884
282
981 683
420
268
135
192
642
308
69 618
86 185
117 295
175 310
448
264 53
989
395 685
399 883
417 558
419 552
476 54
542 548
586 979
780
589 634
659 403
700 752
626
762 788
782 909
898 207
904 97
940 941
946 598
968 363
974 84
79 496
948
152 603
180 600
190 980
959
569
221 985
748
253 892
306 512
322 324
398 945
971
418 699
427 749
445 798
449 523
56
564 568
578 999
587 696
750 783
902 916
